SID,ANGE1A,06,5
CF,CO901,1.867728,-78.675989,0,IPI,319.9,85.1,59.0,5.0,2,1800,0,1,190,0,0,0
TF,CO907,1.704914,-78.558922,0, ,0.0,0.0,0.0,0.0,4,6000,4000,1,190,0,0,0
TF,CO905,1.480436,-78.867239,0, ,0.0,0.0,0.0,0.0,2,4000,0,0,0,0,0,0
TF,ANGEL,1.416667,-79.163889,0, ,0.0,0.0,0.0,0.0,2,4000,0,0,0,0,0,0

SID,ANGE1B,24,5
CF,CO411,1.761083,-78.822506,0,IPI,312.9,87.5,239.0,5.0,2,2200,0,1,190,0,0,0
TF,ANGEL,1.416667,-79.163889,0, ,0.0,0.0,0.0,0.0,2,4000,0,0,0,0,0,0

SID,ANGE1C,24,2
CD, ,0,0,0,TCO,0,0.0,239.0,5.5,2,2200,0,0,0,0,0,0
CF,ANGEL,1.416667,-79.163889,0,TCO,231.4,34.5,231.0,29.0,2,4000,0,0,0,0,0,0

SID,EGOB1G,06,5
CF,CO901,1.867728,-78.675989,0,IPI,319.9,85.1,59.0,5.0,2,1800,0,1,190,0,0,0
TF,CO907,1.704914,-78.558922,0, ,0.0,0.0,0.0,0.0,4,6000,4000,1,190,0,0,0
TF,EGOBI,1.193611,-78.047222,0, ,0.0,0.0,0.0,0.0,2,18000,0,0,0,0,0,0

SID,EGOB1H,24,5
CF,CO411,1.761083,-78.822506,0,IPI,312.9,87.5,239.0,5.0,2,2200,0,1,190,0,0,0
TF,CO906,1.666092,-78.754217,0, ,0.0,0.0,0.0,0.0,2,5700,0,0,0,0,0,0
TF,CO908,1.361339,-78.296039,0, ,0.0,0.0,0.0,0.0,2,14000,0,0,0,0,0,0
TF,EGOBI,1.193611,-78.047222,0, ,0.0,0.0,0.0,0.0,2,18000,0,0,0,0,0,0

SID,EGOB1L,06,2
CF,D056H,1.899042,-78.644564,0,TCO,56.0,8.0,56.0,7.6,2,2600,0,1,210,0,0,0
AF,D136H,1.726181,-78.648108,2,TCO,136.4,8.0,56.0,0,0,0,0,0,0,0,0
TF,EGOBI,1.193611,-78.047222,0, ,0.0,0.0,0.0,0.0,2,18000,0,0,0,0,0,0

SID,ENSO1C,06,5
CF,CO901,1.867728,-78.675989,0,IPI,319.9,85.1,59.0,5.0,2,1800,0,1,190,0,0,0
TF,CO907,1.704914,-78.558922,0, ,0.0,0.0,0.0,0.0,4,6000,4000,1,190,0,0,0
TF,ENSOL,1.330556,-78.688333,0, ,0.0,0.0,0.0,0.0,2,16000,0,0,0,0,0,0

SID,ENSO1D,24,5
CF,CO411,1.761083,-78.822506,0,IPI,312.9,87.5,239.0,5.0,2,2200,0,1,190,0,0,0
TF,CO906,1.666092,-78.754217,0, ,0.0,0.0,0.0,0.0,2,5700,0,0,0,0,0,0
TF,ENSOL,1.330556,-78.688333,0, ,0.0,0.0,0.0,0.0,2,16000,0,0,0,0,0,0

SID,ENSO4A,24,2
CD, ,0,0,0,TCO,0,0.0,239.0,5.5,2,2200,0,0,0,0,0,0
CI,1, ,0.0,115.0,0,0,0,0,0,0,0,0
CF,ENSOL,1.330556,-78.688333,0,TCO,177.9,29.1,178.0,21.0,2,16000,0,0,0,0,0,0

SID,ENSO4B,06,2
CF,D056H,1.899042,-78.644564,0,TCO,56.0,8.0,56.0,7.6,2,2600,0,1,210,0,0,0
AF,D178H,1.681750,-78.731650,2,TCO,177.9,8.0,56.0,0,0,0,0,0,0,0,0
TF,ENSOL,1.330556,-78.688333,0, ,0.0,0.0,0.0,0.0,2,16000,0,0,0,0,0,0

SID,GIBT2A,06,2
CF,D056H,1.899042,-78.644564,0,TCO,56.0,8.0,56.0,7.6,2,2600,0,0,0,0,0,0
CF,GIBTU,2.573611,-77.894167,0,TCO,53.5,68.4,54.0,60.0,2,5000,0,0,0,0,0,0

SID,TCO4A,24,2
CD, ,0,0,0,TCO,0,0.0,239.0,5.5,2,2200,0,0,0,0,0,0
CF,TCO,1.814722,-78.748056,1,TCO,0.0,0.0,27.0,6.0,2,5000,0,1,185,0,0,0

SID,TUNG1A,06,5
CF,CO901,1.867728,-78.675989,0,IPI,319.9,85.1,59.0,5.0,2,1800,0,1,190,0,0,0
TF,CO902,1.893103,-78.414019,0, ,0.0,0.0,0.0,0.0,4,7000,5000,0,0,0,0,0
TF,TUNGI,1.803611,-78.080000,0, ,0.0,0.0,0.0,0.0,2,12000,0,0,0,0,0,0

SID,TUNG1B,24,5
CF,CO411,1.761083,-78.822506,0,TCO,239.4,5.5,239.0,5.0,2,2200,0,1,190,0,0,0
TF,CO906,1.666092,-78.754217,0, ,0.0,0.0,0.0,0.0,2,4300,0,1,190,0,0,0
TF,CO904,1.748350,-78.641206,0, ,0.0,0.0,0.0,0.0,2,7000,0,0,0,0,0,0
TF,CO407,1.817058,-78.546794,0, ,0.0,0.0,0.0,0.0,2,9000,0,0,0,0,0,0
TF,CO803,1.813714,-78.430328,0, ,0.0,0.0,0.0,0.0,2,11000,0,0,0,0,0,0
TF,TUNGI,1.803611,-78.080000,0, ,0.0,0.0,0.0,0.0,2,12000,0,0,0,0,0,0

SID,TUNG1E,06,2
CF,D056H,1.899042,-78.644564,0,TCO,56.0,8.0,56.0,7.6,2,2600,0,1,210,0,0,0
AF,D096H,1.812525,-78.614911,2,TCO,95.9,8.0,56.0,0,0,0,0,0,0,0,0
TF,TUNGI,1.803611,-78.080000,0, ,0.0,0.0,0.0,0.0,2,12000,0,0,0,0,0,0

SID,XOKI1D,06,5
CF,CO901,1.867728,-78.675989,0,IPI,319.9,85.1,59.0,5.0,2,1800,0,1,190,0,0,0
TF,CO902,1.893103,-78.414019,0, ,0.0,0.0,0.0,0.0,4,7000,5000,0,0,0,0,0
TF,CO903,2.255372,-77.961753,0, ,0.0,0.0,0.0,0.0,2,11000,0,0,0,0,0,0
TF,XOKIG,2.455833,-77.803333,0, ,0.0,0.0,0.0,0.0,2,11000,0,0,0,0,0,0

SID,XOKI1E,24,5
CF,CO411,1.761083,-78.822506,0,TCO,239.4,5.5,239.0,5.0,2,2200,0,1,190,0,0,0
TF,CO906,1.666092,-78.754217,0, ,0.0,0.0,0.0,0.0,2,4300,0,1,190,0,0,0
TF,CO904,1.748350,-78.641206,0, ,0.0,0.0,0.0,0.0,2,7000,0,0,0,0,0,0
TF,CO407,1.817058,-78.546794,0, ,0.0,0.0,0.0,0.0,2,9000,0,0,0,0,0,0
TF,CO902,1.893103,-78.414019,0, ,0.0,0.0,0.0,0.0,2,11000,0,0,0,0,0,0
TF,CO903,2.255372,-77.961753,0, ,0.0,0.0,0.0,0.0,2,11000,0,0,0,0,0,0
TF,XOKIG,2.455833,-77.803333,0, ,0.0,0.0,0.0,0.0,2,11000,0,0,0,0,0,0

SID,XOKI2B,06,2
CF,D056H,1.899042,-78.644564,0,TCO,56.0,8.0,56.0,7.6,2,2600,0,0,0,0,0,0
CF,XOKIG,2.455833,-77.803333,0,TCO,61.0,68.5,61.0,60.0,2,10000,0,0,0,0,0,0

STAR,EGOB1J,06,5
IF,EGOBI,1.193611,-78.047222, ,0.0,0.0,2,18000,0,0,0,0,0,0
TF,CO801,1.569689,-78.347869,0, ,0.0,0.0,0.0,0.0,2,10000,0,0,0,0,0,0
TF,CO802,1.726264,-78.473081,0, ,0.0,0.0,0.0,0.0,2,10000,0,0,0,0,0,0
TF,CO407,1.817058,-78.546794,0, ,0.0,0.0,0.0,0.0,2,8000,0,0,0,0,0,0

STAR,EGOB1K,24,5
IF,EGOBI,1.193611,-78.047222, ,0.0,0.0,2,18000,0,0,0,0,0,0
TF,CO801,1.569689,-78.347869,0, ,0.0,0.0,0.0,0.0,4,12000,10000,0,0,0,0,0
TF,CO802,1.726264,-78.473081,0, ,0.0,0.0,0.0,0.0,4,6000,5000,0,0,0,0,0
TF,CO407,1.817058,-78.546794,0, ,0.0,0.0,0.0,0.0,1,5000,0,0,0,0,0,0

STAR,GIBT1G,06,5
IF,GIBTU,2.573611,-77.894167, ,0.0,0.0,2,14000,0,0,0,0,0,0
TF,CO804,2.422789,-77.966578,0, ,0.0,0.0,0.0,0.0,2,14000,0,0,0,0,0,0
TF,CO406,2.001650,-78.492097,0, ,0.0,0.0,0.0,0.0,2,9000,0,0,0,0,0,0

STAR,GIBT1H,24,5
IF,GIBTU,2.573611,-77.894167, ,0.0,0.0,2,14000,0,0,0,0,0,0
TF,CO804,2.422789,-77.966578,0, ,0.0,0.0,0.0,0.0,2,14000,0,0,0,0,0,0
TF,CO806,2.158208,-78.296797,0, ,0.0,0.0,0.0,0.0,2,5000,0,0,0,0,0,0
TF,CO406,2.001650,-78.492097,0, ,0.0,0.0,0.0,0.0,4,8000,5000,0,0,0,0,0

STAR,GIBT2B,24,2
IF,GIBTU,2.573611,-77.894167, ,0.0,0.0,2,5000,0,0,0,0,0,0
TF,D054S,2.025464,-78.511069,0, ,0.0,0.0,0.0,0.0,2,5000,0,0,0,0,0,0
TF,D058P,1.974975,-78.536669,0, ,0.0,0.0,0.0,0.0,2,5000,0,0,0,0,0,0

STAR,TUNG1C,06,5
IF,TUNGI,1.803611,-78.080000, ,0.0,0.0,2,12000,0,0,0,0,0,0
TF,CO803,1.813714,-78.430328,0, ,0.0,0.0,0.0,0.0,2,8000,0,0,0,0,0,0
TF,CO407,1.817058,-78.546794,0, ,0.0,0.0,0.0,0.0,2,8000,0,0,0,0,0,0

STAR,TUNG1D,24,5
IF,TUNGI,1.803611,-78.080000, ,0.0,0.0,2,12000,0,0,0,0,0,0
TF,CO805,1.808417,-78.246381,0, ,0.0,0.0,0.0,0.0,4,10000,9000,0,0,0,0,0
TF,CO803,1.813714,-78.430328,0, ,0.0,0.0,0.0,0.0,4,6000,5000,0,0,0,0,0
TF,CO407,1.817058,-78.546794,0, ,0.0,0.0,0.0,0.0,1,5000,0,0,0,0,0,0

STAR,XOKI2A,24,2
IF,XOKIG,2.455833,-77.803333, ,0.0,0.0,2,10000,0,0,0,0,0,0
TF,D061S,1.992739,-78.485894,0, ,0.0,0.0,0.0,0.0,2,5000,0,0,0,0,0,0
TF,D058P,1.974975,-78.536669,0, ,0.0,0.0,0.0,0.0,2,5000,0,0,0,0,0,0

APPTR,D24-Y,24,D058P
IF,D058P,1.974975,-78.536669, ,0.0,0.0,2,5000,0,0,0,0,1,0
CF,CF24,1.914506,-78.616442,0,TCO,58.0,9.9,238.0,6.0,2,3000,0,0,0,0,0,0

FINAL,D24-Y,24,D,3
IF,CF24,1.914506,-78.616442,TCO,58.0,9.9,2,3000,0,0,0,0,0,0
CF,FF24,1.864111,-78.682914,0,TCO,58.0,4.9,238.0,5.0,2,1500,0,0,0,0,2,0
CF,RW24,1.818644,-78.743428,0,TCO,54.9,0.4,238.0,4.5,1,70,0,0,0,0,3,0
CF,TCO,1.814722,-78.748056,0,TCO,0.0,0.0,238.0,0.4,0,0,0,0,0,0,0,0
CA,0,238.0,2,1500,0,0,0,0,0,0
DF,TCO,1.814722,-78.748056,2, ,0.0,0.0,1,3000,0,0,0,0,0,0
HM,TCO,1.814722,-78.748056,2, ,0.0,0.0,238.0,04.3,2,3000,0,1,230,0,0,0,0

FINAL,D24-Z,24,D,2
IF,FF24,1.864111,-78.682914,TCO,58.0,4.9,2,1500,0,0,0,0,2,0
CF,RW24,1.818644,-78.743428,0,TCO,54.9,0.4,238.0,4.5,1,70,0,0,0,0,3,0
CF,TCO,1.814722,-78.748056,0,TCO,0.0,0.0,238.0,0.4,0,0,0,0,0,0,0,0
CA,0,238.0,2,1500,0,0,0,0,0,0
DF,TCO,1.814722,-78.748056,2, ,0.0,0.0,1,3000,0,0,0,0,0,0
HM,TCO,1.814722,-78.748056,2, ,0.0,0.0,238.0,04.3,2,3000,0,1,230,0,0,0,0

APPTR,R06,06,CO405
IF,CO405,1.993458,-78.673697, ,0.0,0.0,2,9000,0,0,0,0,1,0
TF,CO401,1.912056,-78.615131,0, ,0.0,0.0,0.0,0.0,1,9000,0,1,190,0,0,0
TF,CO408,1.751164,-78.694169,0, ,0.0,0.0,0.0,0.0,1,8000,0,0,0,0,0,0
TF,CO409,1.644147,-78.841150,0, ,0.0,0.0,0.0,0.0,2,4500,0,1,190,0,0,0
TF,CO410,1.711994,-78.889936,0, ,0.0,0.0,0.0,0.0,2,3000,0,1,190,0,1,0

APPTR,R06,06,CO406
IF,CO406,2.001650,-78.492097, ,0.0,0.0,2,9000,0,0,0,0,1,0
TF,CO401,1.912056,-78.615131,0, ,0.0,0.0,0.0,0.0,1,9000,0,1,190,0,0,0
TF,CO408,1.751164,-78.694169,0, ,0.0,0.0,0.0,0.0,1,8000,0,0,0,0,0,0
TF,CO409,1.644147,-78.841150,0, ,0.0,0.0,0.0,0.0,2,4500,0,1,190,0,0,0
TF,CO410,1.711994,-78.889936,0, ,0.0,0.0,0.0,0.0,2,3000,0,1,190,0,1,0

APPTR,R06,06,CO407
IF,CO407,1.817058,-78.546794, ,0.0,0.0,2,8000,0,1,190,0,1,0
TF,CO408,1.751164,-78.694169,0, ,0.0,0.0,0.0,0.0,1,8000,0,0,0,0,0,0
TF,CO409,1.644147,-78.841150,0, ,0.0,0.0,0.0,0.0,2,4500,0,1,190,0,0,0
TF,CO410,1.711994,-78.889936,0, ,0.0,0.0,0.0,0.0,2,3000,0,1,190,0,1,0

FINAL,R06,06,R,3
IF,CO410,1.711994,-78.889936, ,0.0,0.0,2,3000,0,1,190,0,0,0
TF,CO411,1.761083,-78.822506,0, ,0.0,0.0,59.0,5.0,2,1700,0,0,0,0,2,0
TF,RW06,1.810167,-78.755075,0, ,0.0,0.0,59.0,5.0,1,66,0,0,0,0,3,1
TF,CO405,1.993458,-78.673697,0, ,0.0,0.0,0.0,0.0,2,4000,0,0,0,0,0,1
HM,CO405,1.993458,-78.673697,1, ,0.0,0.0,149.0,04.3,2,4000,0,1,230,0,0,0,0

APPTR,R24,24,CO405
IF,CO405,1.993458,-78.673697, ,0.0,0.0,2,4000,0,0,0,0,1,0
TF,CO401,1.912056,-78.615131,0, ,0.0,0.0,0.0,0.0,2,3000,0,0,0,0,0,0

APPTR,R24,24,CO406
IF,CO406,2.001650,-78.492097, ,0.0,0.0,4,8000,5000,0,0,0,1,0
TF,CO401,1.912056,-78.615131,0, ,0.0,0.0,0.0,0.0,2,3000,0,0,0,0,0,0

APPTR,R24,24,CO407
IF,CO407,1.817058,-78.546794, ,0.0,0.0,1,5000,0,0,0,0,1,0
TF,CO401,1.912056,-78.615131,0, ,0.0,0.0,0.0,0.0,2,3000,0,0,0,0,0,0

FINAL,R24,24,R,3
IF,CO401,1.912056,-78.615131, ,0.0,0.0,2,3000,0,0,0,0,0,0
TF,CO402,1.862725,-78.682864,0, ,0.0,0.0,239.0,5.0,2,1500,0,0,0,0,2,0
TF,RW24,1.818644,-78.743428,0, ,0.0,0.0,239.0,4.5,1,70,0,0,0,0,3,1
TF,CO403,1.779378,-78.797372,0, ,0.0,0.0,0.0,0.0,2,1100,0,1,185,0,0,0
TF,CO404,1.860789,-78.855925,0, ,0.0,0.0,0.0,0.0,2,1900,0,0,0,0,0,0
TF,CO405,1.993458,-78.673697,0, ,0.0,0.0,0.0,0.0,2,4000,0,0,0,0,0,1

