SID,BIVI2D,01,5
CF,EB401,7.684614,-74.802356,0,BOG,358.4,171.9,12.0,5.0,2,1400,0,0,0,0,0,1
DF,SERVO,7.715556,-75.089722,1, ,0.0,0.0,2,6000,0,0,0,0,0,0
TF,BIVIG,7.020833,-75.195000,0, ,0.0,0.0,0.0,0.0,2,11000,0,0,0,0,0,0

STAR,OBLU1C,19,5
IF,OBLUL,7.020833,-74.709444, ,0.0,0.0,2,11000,0,0,0,0,0,0
TF,EB800,7.601600,-74.956272,0, ,0.0,0.0,0.0,0.0,2,6000,0,0,0,0,0,0
TF,EB403,7.777056,-74.896072,0, ,0.0,0.0,0.0,0.0,2,5000,0,0,0,0,0,0

APPTR,R19-V,19,EB403
IF,EB403,7.777056,-74.896072, ,0.0,0.0,2,5000,0,0,0,0,1,0
TF,EB405,7.769372,-74.795628,0, ,0.0,0.0,0.0,0.0,2,3300,0,0,0,0,1,0

APPTR,R19-V,19,EB404
IF,EB404,7.852856,-74.789197, ,0.0,0.0,2,5000,0,0,0,0,1,0
TF,EB405,7.769372,-74.795628,0, ,0.0,0.0,0.0,0.0,2,3300,0,0,0,0,1,0

FINAL,R19-V,19,R,3
IF,EB405,7.769372,-74.795628, ,0.0,0.0,2,3300,0,0,0,0,0,0
TF,EB401,7.684614,-74.802356,0, ,0.0,0.0,192.0,5.0,2,1800,0,0,0,0,2,0
TF,RW19,7.601117,-74.808603,0, ,0.0,0.0,192.0,5.0,1,212,0,0,0,0,3,1
TF,EB402,7.551017,-74.812350,0, ,0.0,0.0,0.0,0.0,2,2100,0,0,0,0,0,1
DF,EB403,7.777056,-74.896072,2, ,0.0,0.0,2,5000,0,0,0,0,0,0
HM,EB403,7.777056,-74.896072,2, ,0.0,0.0,102.0,04.3,2,5000,0,1,170,0,0,0,0

