SID,KALE1A,30,5
CF,LG902,-0.156533,-74.820167,0,SJE,227.3,207.2,305.0,3.0,2,1600,0,1,185,0,0,0
TF,LG903,0.042767,-74.845769,0, ,0.0,0.0,0.0,0.0,4,5000,4000,0,0,0,0,0
TF,KALEV,0.380864,-74.775089,0, ,0.0,0.0,0.0,0.0,1,9000,0,0,0,0,0,0

SID,SUMG1A,30,5
CF,LG902,-0.156533,-74.820167,0,SJE,227.3,207.2,305.0,3.0,2,1600,0,1,185,0,0,0
TF,SUMGU,-0.020328,-75.068803,0, ,0.0,0.0,0.0,0.0,2,7000,0,0,0,0,0,0

SID,VAKI2A,30,5
CF,LG902,-0.156533,-74.820167,0,SJE,227.3,207.2,305.0,3.0,2,1600,0,1,185,0,0,0
TF,LG903,0.042767,-74.845769,0, ,0.0,0.0,0.0,0.0,4,5000,4000,0,0,0,0,0
TF,VAKIM,0.281111,-74.876389,0, ,0.0,0.0,0.0,0.0,2,10000,0,0,0,0,0,0

STAR,KALE1B,30,5
IF,KALEV,0.380864,-74.775089, ,0.0,0.0,2,10000,0,0,0,0,0,0
TF,LG401,-0.172617,-74.572328,0, ,0.0,0.0,0.0,0.0,2,5000,0,0,0,0,0,0

STAR,SUMG1B,30,5
IF,SUMGU,-0.020328,-75.068803, ,0.0,0.0,2,7000,0,0,0,0,0,0
TF,LG801,-0.126378,-74.660956,0, ,0.0,0.0,0.0,0.0,2,7000,0,0,0,0,0,0
TF,LG401,-0.172617,-74.572328,0, ,0.0,0.0,0.0,0.0,2,5000,0,0,0,0,0,0

STAR,VAKI2B,30,5
IF,VAKIM,0.281111,-74.876389, ,0.0,0.0,2,10000,0,0,0,0,0,0
TF,LG802,0.054247,-74.724358,0, ,0.0,0.0,0.0,0.0,2,10000,0,0,0,0,0,0
TF,LG401,-0.172617,-74.572328,0, ,0.0,0.0,0.0,0.0,2,5000,0,0,0,0,0,0

APPTR,R30,30,LG401
IF,LG401,-0.172617,-74.572328, ,0.0,0.0,2,5000,0,0,0,0,1,0
TF,BUVMU,-0.261842,-74.618258,0, ,0.0,0.0,0.0,0.0,2,3800,0,0,0,0,1,0

APPTR,R30,30,UTMER
IF,UTMER,-0.300375,-74.544403, ,0.0,0.0,2,5000,0,0,0,0,1,0
TF,BUVMU,-0.261842,-74.618258,0, ,0.0,0.0,0.0,0.0,2,3800,0,0,0,0,1,0

FINAL,R30,30,R,3
IF,BUVMU,-0.261842,-74.618258, ,0.0,0.0,2,3800,0,0,0,0,0,0
TF,MOXUB,-0.223308,-74.692114,0, ,0.0,0.0,305.0,5.0,2,2300,0,0,0,0,2,0
TF,RW30,-0.184464,-74.766197,0, ,0.0,0.0,305.0,5.0,1,665,0,0,0,0,3,1
DF,LG401,-0.172617,-74.572328,2, ,0.0,0.0,2,5000,0,1,185,0,0,0
HM,LG401,-0.172617,-74.572328,1, ,0.0,0.0,215.0,04.3,2,5000,0,1,230,0,0,0,0

