SID,BIVI2E,18,5
CF,ML402,7.883706,-75.425058,0,BOG,348.1,192.9,183.0,5.0,2,1400,0,0,0,0,0,1
TF,SERVO,7.715556,-75.089722,0, ,0.0,0.0,0.0,0.0,2,6900,0,0,0,0,0,0
TF,BIVIG,7.020833,-75.195000,0, ,0.0,0.0,0.0,0.0,2,11000,0,0,0,0,0,0

APPTR,R36-V,36,ML403
IF,ML403,7.791683,-75.518256, ,0.0,0.0,2,5000,0,0,0,0,1,0
TF,ML401,7.800286,-75.417878,0, ,0.0,0.0,0.0,0.0,2,3400,0,0,0,0,1,0

APPTR,R36-V,36,ML404
IF,ML404,7.700178,-75.409267, ,0.0,0.0,2,5000,0,0,0,0,1,0
TF,ML401,7.800286,-75.417878,0, ,0.0,0.0,0.0,0.0,2,3400,0,0,0,0,1,0

FINAL,R36-V,36,R,3
IF,ML401,7.800286,-75.417878, ,0.0,0.0,2,3400,0,0,0,0,0,0
TF,ML402,7.883706,-75.425058,0, ,0.0,0.0,3.0,5.0,2,1800,0,0,0,0,2,0
TF,RW36,7.967131,-75.432242,0, ,0.0,0.0,3.0,5.0,1,203,0,0,0,0,3,1
DF,ML403,7.791683,-75.518256,1, ,0.0,0.0,2,5000,0,0,0,0,0,0
HM,ML403,7.791683,-75.518256,1, ,0.0,0.0,93.0,04.3,2,5000,0,1,170,0,0,0,0

