SID,GAXA2B,02,2
CF,NVA05,2.982197,-75.286281,0,NVA,208.0,5.1,22.0,1.4,2,2000,0,0,0,0,0,1
VI,2, ,0.0,232.0,0,0,0,1,180,0,0,0
CF,GAXAP,1.904444,-75.502222,0,NVA,199.1,70.7,200.0,63.0,2,13000,0,0,0,0,0,0

SID,GAXA2C,02,2
CF,NVA05,2.982197,-75.286281,0,NVA,208.0,5.1,22.0,1.4,2,2000,0,0,0,0,0,1
VI,2, ,0.0,219.0,0,0,0,1,150,0,0,0
CF,GAXAP,1.904444,-75.502222,0,NVA,199.1,70.7,200.0,60.0,2,13000,0,0,0,0,0,0

SID,GAXA3A,20,2
CA,0,200.0,2,1890,0,0,0,0,0,0
CF,D205Y,2.663711,-75.384497,0,NVA,205.0,25.0,205.0,16.4,2,8200,0,0,0,0,0,0
CF,NV29B,2.587000,-75.356983,0,NVA,199.1,29.0,165.0,5.0,2,10000,0,0,0,0,0,0
TF,GAXAP,1.904444,-75.502222,0, ,0.0,0.0,0.0,0.0,2,13000,0,0,0,0,0,0

SID,NVA2A,20,2
CF,NVA10,2.910889,-75.305558,0,NVA,205.3,9.5,202.0,2.0,2,2100,0,0,0,0,0,1
VI,2, ,0.0,16.0,0,0,0,1,180,0,0,0
CF,NVA,3.061944,-75.255833,0,NVA,0.0,0.0,46.0,11.0,2,6600,0,0,0,0,0,0

SID,NVA2C,20,2
CF,NVA10,2.910889,-75.305558,0,NVA,205.3,9.5,202.0,2.0,2,2100,0,0,0,0,0,1
VI,2, ,0.0,10.0,0,0,0,1,150,0,0,0
CF,NVA,3.061944,-75.255833,0,NVA,0.0,0.0,40.0,12.0,2,6600,0,0,0,0,0,0

SID,NVA4B,02,2
CF,NVA05,2.982197,-75.286281,0,NVA,208.0,5.1,22.0,1.4,2,2000,0,0,0,0,0,0
TF,NVA,3.061944,-75.255833,0, ,0.0,0.0,0.0,0.0,2,3900,0,0,0,0,0,0

SID,VUKT2A,20,2
CA,0,200.0,2,1890,0,0,0,0,0,0
CF,D205Y,2.663711,-75.384497,0,NVA,205.0,25.0,205.0,16.4,2,8200,0,0,0,0,0,0
CF,NV29A,2.625692,-75.468211,0,NVA,213.1,29.0,251.0,6.0,2,10400,0,0,0,0,0,0
TF,VUKTU,1.997778,-75.773611,0, ,0.0,0.0,0.0,0.0,2,12000,0,0,0,0,0,0

SID,VUKT2B,02,2
CF,NVA05,2.982197,-75.286281,0,NVA,208.0,5.1,22.0,1.4,2,2000,0,0,0,0,0,1
VI,1, ,0.0,174.0,0,0,0,1,180,0,0,0
CF,VUKTU,1.997778,-75.773611,0,NVA,213.1,70.7,214.0,60.0,2,12000,0,0,0,0,0,0

SID,VUKT2C,02,2
CF,NVA05,2.982197,-75.286281,0,NVA,208.0,5.1,22.0,1.4,2,2000,0,0,0,0,0,1
VI,1, ,0.0,186.0,0,0,0,1,150,0,0,0
CF,VUKTU,1.997778,-75.773611,0,NVA,213.1,70.7,214.0,56.0,2,12000,0,0,0,0,0,0

STAR,GAXA3E,02,2
IF,GAXAP,1.904444,-75.502222, ,0.0,0.0,0,0,0,0,0,0,0,0
TF,NV41B,2.390467,-75.398817,0, ,0.0,0.0,0.0,0.0,2,13000,0,0,0,0,0,0
TF,NVA33,2.521489,-75.370931,0, ,0.0,0.0,0.0,0.0,2,10800,0,0,0,0,0,0
TF,D200Z,2.636133,-75.346525,0, ,0.0,0.0,0.0,0.0,2,8000,0,0,0,0,0,0
CF,VASOD,2.696139,-75.376278,0,NVA,204.9,23.0,341.0,4.0,2,6400,0,0,0,0,0,0

STAR,LIXA2A,20,2
IF,LIXAG,3.868889,-74.741389, ,0.0,0.0,2,9000,0,0,0,0,0,0
TF,NVA22,3.372239,-75.058136,0, ,0.0,0.0,0.0,0.0,2,7600,0,0,0,0,0,0
TF,NV12A,3.231200,-75.148014,0, ,0.0,0.0,0.0,0.0,2,5200,0,0,0,0,0,0
TF,NVA,3.061944,-75.255833,0, ,0.0,0.0,0.0,0.0,2,3600,0,0,0,0,0,0

STAR,USAN4L,20,2
IF,USANA,3.868600,-74.976400, ,0.0,0.0,2,9000,0,0,0,0,0,0
TF,NV12B,3.251761,-75.190122,0, ,0.0,0.0,0.0,0.0,2,5700,0,0,0,0,0,0
TF,NVA,3.061944,-75.255833,0, ,0.0,0.0,0.0,0.0,2,3600,0,0,0,0,0,0

STAR,VUKT3C,02,2
IF,VUKTU,1.997778,-75.773611, ,0.0,0.0,0,0,0,0,0,0,0,0
TF,NV41A,2.445161,-75.556047,0, ,0.0,0.0,0.0,0.0,2,12000,0,0,0,0,0,0
TF,NVA30,2.610647,-75.475531,0, ,0.0,0.0,0.0,0.0,2,8800,0,0,0,0,0,0
TF,VASOD,2.696139,-75.376278,0, ,0.0,0.0,0.0,0.0,2,6400,0,0,0,0,0,0

APPTR,D02,02,VASOD
HF,VASOD,2.696139,-75.376278,1, ,0.0,0.0,26.0,04.3,2,7000,0,1,170,0,0,0,0

FINAL,D02,02,D,5
IF,VASOD,2.696139,-75.376278,NVA,205.3,23.0,2,6400,0,0,0,0,0,0
CF,FF02,2.775033,-75.347908,0,NVA,204.9,18.0,26.0,5.0,2,4850,0,0,0,0,2,0
CF,VOR14,2.835603,-75.328475,0,NVA,204.9,14.2,26.0,3.8,2,3630,0,0,0,0,0,0
CF,VOR11,2.892986,-75.310061,0,NVA,204.9,10.6,26.0,3.6,2,2500,0,0,0,0,0,0
CF,MA02,2.918489,-75.301878,0,NVA,204.9,9.0,26.0,1.6,1,1975,0,0,0,0,3,0
CF,NVA,3.061944,-75.255833,0,NVA,0.0,0.0,26.0,9.0,2,3800,0,0,0,0,0,0
HM,NVA,3.061944,-75.255833,1, ,0.0,0.0,207.0,04.3,2,4000,0,1,200,0,0,0,0

APPTR,D20,20,NVA
HF,NVA,3.061944,-75.255833,1, ,0.0,0.0,207.0,04.3,2,4000,0,1,200,0,1,0,0

FINAL,D20,20,D,2
IF,NVA,3.061944,-75.255833,NVA,0.0,0.0,2,3600,0,0,0,0,2,0
CF,MA20,2.980103,-75.285461,0,NVA,207.0,5.2,207.0,5.2,1,1957,0,0,0,0,3,1
DF,NVA,3.061944,-75.255833,2, ,0.0,0.0,2,4000,0,1,160,0,0,0
HM,NVA,3.061944,-75.255833,1, ,0.0,0.0,207.0,04.3,2,4000,0,1,200,0,0,0,0

