SID,CLO1J,08,2
CA,0,77.0,2,6090,0,0,0,0,0,0
CD, ,0,0,0,PPN,0,0.0,62.0,3.9,2,6800,0,0,0,0,0,0
CI,0, ,0.0,335.0,0,0,0,1,200,0,0,0
IF,PPN,2.448889,-76.614167, ,0.0,0.0,0,0,0,0,0,0,0,0
TF,CLO,3.400847,-76.406483,0, ,0.0,0.0,0.0,0.0,0,0,0,0,0,0,0,0

SID,CLO1K,08,5
CF,DE08,2.457131,-76.601919,0,FLA,316.9,80.9,77.0,1.0,0,0,0,0,0,0,0,0
CF,PP904,2.485381,-76.560600,0,FLA,319.0,80.1,62.0,3.0,2,6800,0,0,0,0,0,1
CF,PP905,2.577100,-76.586153,0,FLA,321.1,85.0,339.0,5.7,2,8900,0,1,180,0,0,0
TF,CLO,3.400847,-76.406483,0, ,0.0,0.0,0.0,0.0,2,11000,0,0,0,0,0,0

SID,CLO1L,26,5
CF,PP901,2.435678,-76.662622,0,PPN,261.8,3.0,257.0,2.9,2,6300,0,0,0,0,0,1
DF,PP905,2.577100,-76.586153,2, ,0.0,0.0,2,10000,0,1,230,0,0,0
TF,CLO,3.400847,-76.406483,0, ,0.0,0.0,0.0,0.0,2,11000,0,0,0,0,0,0

SID,CLO4B,26,2
CD, ,0,0,0,PPN,0,0.0,257.0,3.0,2,6400,0,0,0,0,0,0
CI,2, ,0.0,77.0,2,8500,0,1,180,0,0,0
IF,PPN,2.448889,-76.614167, ,0.0,0.0,0,0,0,0,0,0,0,0
TF,CLO,3.400847,-76.406483,0, ,0.0,0.0,0.0,0.0,0,0,0,0,0,0,0,0

SID,GAVA1D,08,5
CF,DE08,2.457131,-76.601919,0,FLA,316.9,80.9,77.0,1.0,0,0,0,0,0,0,0,0
CF,PP904,2.485381,-76.560600,0,FLA,319.0,80.1,62.0,3.0,2,6800,0,0,0,0,0,1
CF,PP905,2.577100,-76.586153,0,FLA,321.1,85.0,339.0,5.7,2,8900,0,1,180,0,0,0
TF,PP906,2.531175,-76.646281,0, ,0.0,0.0,0.0,0.0,2,10400,0,1,230,0,0,0
TF,GAVAD,2.478333,-76.912778,0, ,0.0,0.0,0.0,0.0,2,14000,0,1,250,0,0,0

SID,GIBT1J,26,5
CF,PP901,2.435678,-76.662622,0,PPN,261.8,3.0,257.0,2.9,2,6800,0,0,0,0,0,1
DF,GAVAD,2.478333,-76.912778,0, ,0.0,0.0,2,10200,0,1,230,0,0,0
TF,PP903,2.506731,-77.204464,0, ,0.0,0.0,0.0,0.0,2,14000,0,0,0,0,0,0
TF,GIBTU,2.573611,-77.894167,0, ,0.0,0.0,0.0,0.0,2,14000,0,0,0,0,0,0

SID,KUDG1F,26,5
CF,PP901,2.435678,-76.662622,0,PPN,261.8,3.0,257.0,2.9,2,7000,0,0,0,0,0,1
DF,PP907,2.235639,-76.576781,1, ,0.0,0.0,2,14200,0,1,230,0,0,0
TF,PP908,2.155714,-76.465042,0, ,0.0,0.0,0.0,0.0,2,18000,0,1,250,0,0,0
TF,KUDGA,1.825278,-75.857778,0, ,0.0,0.0,0.0,0.0,2,18000,0,0,0,0,0,0

SID,KUDG1G,08,5
CF,DE08,2.457131,-76.601919,0,FLA,316.9,80.9,77.0,1.0,0,0,0,0,0,0,0,0
CF,PP904,2.485381,-76.560600,0,FLA,319.0,80.1,62.0,3.0,2,6800,0,0,0,0,0,1
CF,PP905,2.577100,-76.586153,0,FLA,321.1,85.0,339.0,5.7,2,8900,0,1,180,0,0,0
TF,PP906,2.531175,-76.646281,0, ,0.0,0.0,0.0,0.0,2,10400,0,1,230,0,0,0
TF,PP907,2.235639,-76.576781,0, ,0.0,0.0,0.0,0.0,2,17000,0,1,250,0,0,0
TF,PP908,2.155714,-76.465042,0, ,0.0,0.0,0.0,0.0,2,18000,0,0,0,0,0,0
TF,KUDGA,1.825278,-75.857778,0, ,0.0,0.0,0.0,0.0,2,18000,0,0,0,0,0,0

SID,MER1G,26,5
CF,PP901,2.435678,-76.662622,0,PPN,261.8,3.0,257.0,2.9,2,6300,0,0,0,0,0,1
TF,PP902,2.355139,-76.889267,0, ,0.0,0.0,0.0,0.0,2,9800,0,1,230,0,0,0
TF,MER,1.788889,-77.151389,0, ,0.0,0.0,0.0,0.0,2,12000,0,0,0,0,0,0

SID,MER1H,08,5
CF,DE08,2.457131,-76.601919,0,FLA,316.9,80.9,77.0,1.0,0,0,0,0,0,0,0,0
CF,PP904,2.485381,-76.560600,0,FLA,319.0,80.1,62.0,3.0,2,6800,0,0,0,0,0,1
CF,PP905,2.577100,-76.586153,0,FLA,321.1,85.0,339.0,5.7,2,8900,0,1,180,0,0,0
TF,PP906,2.531175,-76.646281,0, ,0.0,0.0,0.0,0.0,2,10400,0,1,230,0,0,0
TF,PP902,2.355139,-76.889267,0, ,0.0,0.0,0.0,0.0,2,12000,0,0,0,0,0,0
TF,MER,1.788889,-77.151389,0, ,0.0,0.0,0.0,0.0,2,12000,0,0,0,0,0,0

STAR,GIBT1K,ALL,5
IF,GIBTU,2.573611,-77.894167, ,0.0,0.0,2,14000,0,0,0,0,0,0
TF,PP801,2.488022,-77.012225,0, ,0.0,0.0,0.0,0.0,2,14000,0,0,0,0,0,0
TF,PP802,2.504381,-76.913644,0, ,0.0,0.0,0.0,0.0,2,12000,0,0,0,0,0,0
TF,OBDOX,2.521111,-76.812778,0, ,0.0,0.0,0.0,0.0,2,10000,0,1,230,0,0,0

STAR,KONK1B,ALL,5
IF,KONKO,2.647222,-76.453889, ,0.0,0.0,2,14000,0,1,250,0,0,0
TF,GENTO,2.591944,-76.611111,0, ,0.0,0.0,0.0,0.0,2,12000,0,1,230,0,0,0

STAR,KONK1C,ALL,5
IF,KONKO,2.647222,-76.453889, ,0.0,0.0,2,14000,0,1,250,0,0,0
TF,GENTO,2.591944,-76.611111,0, ,0.0,0.0,0.0,0.0,2,12000,0,1,230,0,0,0
TF,OBDOX,2.521111,-76.812778,0, ,0.0,0.0,0.0,0.0,2,10000,0,1,230,0,0,0

STAR,KUDG1H,ALL,5
IF,KUDGA,1.825278,-75.857778, ,0.0,0.0,2,18000,0,0,0,0,0,0
TF,PP803,2.223967,-76.606761,0, ,0.0,0.0,0.0,0.0,2,13100,0,1,250,0,0,0
TF,PP804,2.248628,-76.653125,0, ,0.0,0.0,0.0,0.0,2,12000,0,0,0,0,0,0
TF,NIBGI,2.298869,-76.747597,0, ,0.0,0.0,0.0,0.0,2,10000,0,1,230,0,0,0

STAR,MER1J,ALL,5
IF,MER,1.788889,-77.151389, ,0.0,0.0,4,16000,12000,0,0,0,0,0
TF,NIBGI,2.298869,-76.747597,0, ,0.0,0.0,0.0,0.0,2,10000,0,1,230,0,0,0

FINAL,D08-Y,08,D,3
IF,CF08Y,2.431531,-76.754650,PPN,270.0,8.5,2,8300,0,0,0,0,0,0
CF,FF08,2.438269,-76.700111,0,PPN,270.0,5.2,90.0,3.3,2,7300,0,0,0,0,2,0
CF,MA08,2.445214,-76.643917,0,PPN,270.0,1.8,90.0,3.4,1,6200,0,0,0,0,3,0
CF,PPN,2.448889,-76.614167,0,PPN,0.0,0.0,90.0,1.8,0,0,0,0,0,0,0,0
FA,PPN,2.448889,-76.614167,0,PPN,0.0,0.0,19.0,2,8000,0,0,0,0,0,0
DF,PPN,2.448889,-76.614167,1, ,0.0,0.0,2,11000,0,0,0,0,0,0
HM,PPN,2.448889,-76.614167,1, ,0.0,0.0,90.0,04.3,2,11000,0,1,170,0,0,0,0

APPTR,D08-Z,08,OBDOX
IF,OBDOX,2.521111,-76.812778, ,0.0,0.0,2,10000,0,0,0,0,1,0
CR,0,PPN,287.0,212.0,0,0,0,0,0,0,0,0
CF,CF08Z,2.418656,-76.858772,0,PPN,270.0,14.8,212.0,4.5,2,9000,0,0,0,0,0,0

FINAL,D08-Z,08,D,3
IF,CF08Z,2.418656,-76.858772,PPN,270.0,14.8,2,9000,0,0,0,0,0,0
CF,FF08,2.438269,-76.700111,0,PPN,270.0,5.2,90.0,9.6,2,7300,0,0,0,0,2,0
CF,MA08,2.445214,-76.643917,0,PPN,270.0,1.8,90.0,3.4,1,6200,0,0,0,0,3,0
CF,PPN,2.448889,-76.614167,0,PPN,0.0,0.0,90.0,1.8,0,0,0,0,0,0,0,0
FA,PPN,2.448889,-76.614167,0,PPN,0.0,0.0,19.0,2,8000,0,0,0,0,0,0
DF,PPN,2.448889,-76.614167,1, ,0.0,0.0,2,11000,0,0,0,0,0,0
HM,PPN,2.448889,-76.614167,1, ,0.0,0.0,90.0,04.3,2,11000,0,1,170,0,0,0,0

APPTR,R08-Y,08,NIBGI
IF,NIBGI,2.298869,-76.747597, ,0.0,0.0,2,10000,0,1,230,0,1,0
TF,PP402,2.393636,-76.780839,0, ,0.0,0.0,0.0,0.0,2,9000,0,1,190,0,1,0

APPTR,R08-Y,08,OBDOX
IF,OBDOX,2.521111,-76.812778, ,0.0,0.0,2,10000,0,1,230,0,1,0
TF,PP402,2.393636,-76.780839,0, ,0.0,0.0,0.0,0.0,2,9000,0,1,190,0,1,0

FINAL,R08-Y,08,R,3
IF,PP402,2.393636,-76.780839, ,0.0,0.0,2,9000,0,1,190,0,0,0
TF,PP401,2.425236,-76.692111,0, ,0.0,0.0,77.0,5.7,2,7200,0,0,0,0,2,0
TF,RW08,2.451564,-76.617608,0, ,0.0,0.0,77.0,4.7,1,5684,0,0,0,0,3,1
TF,PP403,2.465006,-76.579561,0, ,0.0,0.0,0.0,0.0,2,6300,0,1,160,0,0,0
RF,PP404,2.550625,-76.600125,1,PPC01,266.0,2.6,2,7900,0,1,185,0,0,0
TF,PP405,2.541814,-76.663639,0, ,0.0,0.0,0.0,0.0,2,8500,0,1,210,0,0,0
TF,OBDOX,2.521111,-76.812778,0, ,0.0,0.0,0.0,0.0,2,10000,0,0,0,0,0,0

APPTR,R08-Z,08,NIBGI
IF,NIBGI,2.298869,-76.747597, ,0.0,0.0,2,10000,0,1,230,0,1,0
TF,PP402,2.393636,-76.780839,0, ,0.0,0.0,0.0,0.0,2,9000,0,1,190,0,1,0

APPTR,R08-Z,08,OBDOX
IF,OBDOX,2.521111,-76.812778, ,0.0,0.0,2,10000,0,1,230,0,1,0
TF,PP402,2.393636,-76.780839,0, ,0.0,0.0,0.0,0.0,2,9000,0,1,190,0,1,0

FINAL,R08-Z,08,R,3
IF,PP402,2.393636,-76.780839, ,0.0,0.0,2,9000,0,1,190,0,0,0
TF,PP401,2.425236,-76.692111,0, ,0.0,0.0,77.0,5.7,2,7200,0,0,0,0,2,0
TF,RW08,2.451564,-76.617608,0, ,0.0,0.0,77.0,4.7,1,5684,0,0,0,0,3,1
DF,PP405,2.541814,-76.663639,1, ,0.0,0.0,2,7900,0,1,210,0,0,0
TF,OBDOX,2.521111,-76.812778,0, ,0.0,0.0,0.0,0.0,2,10000,0,0,0,0,0,0

APPTR,R26-V,26,GENTO
IF,GENTO,2.591944,-76.611111, ,0.0,0.0,2,12000,0,0,0,0,0,0
TF,PP406,2.563164,-76.693142,0, ,0.0,0.0,0.0,0.0,2,11000,0,1,210,0,1,0
RF,PP407,2.484156,-76.665486,1,PPC02,74.3,2.5,1,10000,0,1,190,0,0,0
TF,PP408,2.512758,-76.585286,0, ,0.0,0.0,0.0,0.0,2,8100,0,1,170,0,0,0
RF,PP409,2.493294,-76.554386,2,PPC03,280.1,1.4,2,7200,0,1,135,0,0,0

APPTR,R26-V,26,OBDOX
IF,OBDOX,2.521111,-76.812778, ,0.0,0.0,2,10000,0,1,230,0,1,0
TF,PP407,2.484156,-76.665486,0, ,0.0,0.0,0.0,0.0,1,10000,0,1,190,0,0,0
TF,PP408,2.512758,-76.585286,0, ,0.0,0.0,0.0,0.0,2,8100,0,1,170,0,0,0
RF,PP409,2.493294,-76.554386,2,PPC03,363.9,1.4,2,7200,0,1,135,0,0,0

FINAL,R26-V,26,R,3
IF,PP409,2.493294,-76.554386, ,0.0,0.0,2,7200,0,1,135,0,2,0
RF,PP410,2.468511,-76.569794,2,PPC03,254.4,1.4,2,6500,0,0,0,0,0,0
TF,RW26,2.457131,-76.601919,0, ,0.0,0.0,257.0,2.0,1,5737,0,0,0,0,3,1
TF,PP401,2.425236,-76.692111,0, ,0.0,0.0,0.0,0.0,2,8000,0,0,0,0,0,1
DF,PPN,2.448889,-76.614167,1, ,0.0,0.0,2,11000,0,1,170,0,0,0
TF,GENTO,2.591944,-76.611111,0, ,0.0,0.0,0.0,0.0,2,12000,0,0,0,0,0,0

