SID,AMVO1B,08,2
CA,0,75.0,2,740,0,0,0,0,0,0
FD,MDU,5.533056,-68.673333,0,MDU,0.0,7.7,73.0,7.7,0,0,0,0,0,0,0,0
CI,0, ,0.0,73.0,0,0,0,0,0,0,0,0
AF,D265J,5.483239,-68.832903,1,MDU,264.7,10.0,73.0,0,0,0,0,0,0,0,0
TF,AMVOR,5.274444,-69.500000,0, ,0.0,0.0,0.0,0.0,2,7000,0,0,0,0,0,0

SID,AMVO1F,08,5
CA,0,75.0,2,2000,0,0,0,0,0,0
DF,UA402,5.434219,-68.644519,2, ,0.0,0.0,2,3000,0,1,185,0,0,0
TF,UA404,5.336944,-68.836917,0, ,0.0,0.0,0.0,0.0,2,5000,0,0,0,0,0,0
TF,UA902,5.274444,-68.963886,0, ,0.0,0.0,0.0,0.0,2,7000,0,0,0,0,0,0
TF,AMVOR,5.274444,-69.500000,0, ,0.0,0.0,0.0,0.0,2,7000,0,0,0,0,0,0

SID,KUBT1A,08,2
CA,0,75.0,2,740,0,0,0,0,0,0
FD,MDU,5.533056,-68.673333,0,MDU,0.0,7.7,72.0,7.7,0,0,0,0,0,0,0,0
CI,0, ,0.0,73.0,0,0,0,0,0,0,0,0
AF,D098J,5.546119,-68.506697,2,MDU,97.5,10.0,73.0,0,0,0,0,0,0,0,0
TF,KUBTU,5.585556,-68.000000,0, ,0.0,0.0,0.0,0.0,2,5000,0,0,0,0,0,0

SID,LUTV1B,08,2
CA,0,75.0,2,740,0,0,0,0,0,0
FD,MDU,5.533056,-68.673333,0,MDU,0.0,7.7,73.0,7.7,0,0,0,0,0,0,0,0
CI,0, ,0.0,73.0,0,0,0,0,0,0,0,0
AF,D290J,5.554869,-68.839056,1,MDU,289.5,10.0,73.0,0,0,0,0,0,0,0,0
TF,LUTVI,5.641389,-69.500000,0, ,0.0,0.0,0.0,0.0,2,5000,0,0,0,0,0,0

SID,LUTV1F,08,5
CA,0,75.0,2,2000,0,0,0,0,0,0
DF,UA903,5.648792,-68.751867,1, ,0.0,0.0,2,3000,0,1,185,0,0,0
TF,LUTVI,5.641389,-69.500000,0, ,0.0,0.0,0.0,0.0,2,6000,0,0,0,0,0,0

SID,OVTU1B,08,2
CA,0,75.0,2,740,0,0,0,0,0,0
CF,OVTUD,5.903611,-68.000000,0,MDU,73.2,46.0,73.0,46.0,2,5000,0,0,0,0,0,0

SID,OVTU1D,08,5
CA,0,75.0,2,2000,0,0,0,0,0,0
DF,UA904,5.694250,-68.369950,0, ,0.0,0.0,2,5000,0,0,0,0,0,0
TF,OVTUD,5.903611,-68.000000,0, ,0.0,0.0,0.0,0.0,2,7000,0,0,0,0,0,0

SID,TIDS1B,08,2
CA,0,75.0,2,740,0,0,0,0,0,0
FD,MDU,5.533056,-68.673333,0,MDU,0.0,7.7,73.0,7.7,0,0,0,0,0,0,0,0
CI,0, ,0.0,73.0,0,0,0,0,0,0,0,0
AF,D319J,5.632994,-68.807464,1,MDU,318.6,10.0,73.0,0,0,0,0,0,0,0,0
TF,TIDSA,5.743056,-68.955278,0, ,0.0,0.0,0.0,0.0,2,5000,0,0,0,0,0,0

SID,TIDS1F,08,5
CA,0,75.0,2,2000,0,0,0,0,0,0
DF,UA903,5.648792,-68.751867,1, ,0.0,0.0,2,3000,0,1,185,0,0,0
TF,TIDSA,5.743056,-68.955278,0, ,0.0,0.0,0.0,0.0,2,6000,0,0,0,0,0,0

SID,UMBE1F,08,5
CA,0,75.0,2,2000,0,0,0,0,0,0
DF,UA905,5.268347,-68.442311,0, ,0.0,0.0,2,5000,0,0,0,0,0,0
TF,UMBET,4.798889,-68.337222,0, ,0.0,0.0,0.0,0.0,2,5000,0,0,0,0,0,0

STAR,AMVO1D,08,2
IF,AMVOR,5.274444,-69.500000, ,0.0,0.0,2,7000,0,0,0,0,0,0
TF,MDU32,5.372500,-69.187058,0, ,0.0,0.0,0.0,0.0,0,0,0,0,0,0,0,0
TF,MD30B,5.383483,-69.151967,0, ,0.0,0.0,0.0,0.0,0,0,0,0,0,0,0,0
AF,MD30A,5.304792,-69.119942,1,MDU,255.0,30.0,265.0,0,0,0,0,0,0,0,0
TF,OPVIN,5.426094,-68.881544,0, ,0.0,0.0,0.0,0.0,0,0,0,0,0,0,0,0

STAR,AMVO1E,08,5
IF,AMVOR,5.274444,-69.500000, ,0.0,0.0,2,5000,0,0,0,0,0,0
TF,UA405,5.388450,-68.956178,0, ,0.0,0.0,0.0,0.0,2,4000,0,0,0,0,0,0

STAR,LUTV1D,08,2
IF,LUTVI,5.641389,-69.500000, ,0.0,0.0,2,5000,0,0,0,0,0,0
TF,D289P,5.568369,-68.941808,0, ,0.0,0.0,0.0,0.0,0,0,0,0,0,0,0,0
TF,D289N,5.563606,-68.905347,0, ,0.0,0.0,0.0,0.0,0,0,0,0,0,0,0,0
AF,OPVIN,5.426094,-68.881544,1,MDU,254.9,14.0,289.0,0,0,0,0,0,0,0,0

STAR,LUTV1E,08,5
IF,LUTVI,5.641389,-69.500000, ,0.0,0.0,2,5000,0,0,0,0,0,0
TF,UA403,5.515853,-68.926622,0, ,0.0,0.0,0.0,0.0,2,4000,0,0,0,0,0,0

STAR,OVTU1C,08,2
IF,OVTUD,5.903611,-68.000000, ,0.0,0.0,2,5000,0,0,0,0,0,0
TF,D073P,5.663786,-68.436042,0, ,0.0,0.0,0.0,0.0,0,0,0,0,0,0,0,0
TF,D073N,5.646039,-68.468272,0, ,0.0,0.0,0.0,0.0,0,0,0,0,0,0,0,0
AF,OPVIN,5.426094,-68.881544,1,MDU,254.9,14.0,73.0,0,0,0,0,0,0,0,0

STAR,OVTU1E,08,5
IF,OVTUD,5.903611,-68.000000, ,0.0,0.0,2,5000,0,0,0,0,0,0
TF,UA407,5.489414,-68.531772,0, ,0.0,0.0,0.0,0.0,2,4000,0,0,0,0,0,0
TF,UA404,5.336944,-68.836917,0, ,0.0,0.0,0.0,0.0,2,4000,0,0,0,0,0,0

STAR,TIDS1D,08,2
IF,TIDSA,5.743056,-68.955278, ,0.0,0.0,2,5000,0,0,0,0,0,0
TF,D319P,5.694942,-68.890647,0, ,0.0,0.0,0.0,0.0,0,0,0,0,0,0,0,0
TF,D319N,5.672964,-68.861128,0, ,0.0,0.0,0.0,0.0,0,0,0,0,0,0,0,0
AF,OPVIN,5.426094,-68.881544,1,MDU,254.9,14.0,319.0,0,0,0,0,0,0,0,0

STAR,TIDS1E,08,5
IF,TIDSA,5.743056,-68.955278, ,0.0,0.0,2,5000,0,0,0,0,0,0
TF,UA403,5.515853,-68.926622,0, ,0.0,0.0,0.0,0.0,2,4000,0,0,0,0,0,0

STAR,UMBE1E,08,2
IF,UMBET,4.798889,-68.337222, ,0.0,0.0,2,5000,0,0,0,0,0,0
TF,D167P,5.289542,-68.561753,0, ,0.0,0.0,0.0,0.0,0,0,0,0,0,0,0,0
TF,D167N,5.319981,-68.575694,0, ,0.0,0.0,0.0,0.0,0,0,0,0,0,0,0,0
AF,OPVIN,5.426094,-68.881544,2,MDU,254.9,14.0,167.0,0,0,0,0,0,0,0,0

STAR,UMBE1G,08,5
IF,UMBET,4.798889,-68.337222, ,0.0,0.0,2,5000,0,0,0,0,0,0
TF,UA801,5.037539,-68.687139,0, ,0.0,0.0,0.0,0.0,2,5000,0,0,0,0,0,0
TF,UA404,5.336944,-68.836917,0, ,0.0,0.0,0.0,0.0,2,4000,0,0,0,0,0,0

APPTR,D08-Z,08,MDU
IF,MDU,5.533056,-68.673333, ,0.0,0.0,2,3000,0,0,0,0,1,0
FD,MDU,5.533056,-68.673333,0,MDU,0.0,8.5,282.0,8.5,2,2100,0,0,0,0,0,0
CF,FD08,5.474428,-68.774647,1,MDU,252.0,7.0,72.0,2.0,2,2100,0,0,0,0,0,0

FINAL,D08-Z,08,D,2
IF,FD08,5.474428,-68.774647,MDU,252.0,7.0,2,2100,0,0,0,0,2,0
CF,MD08,5.518819,-68.697939,0,MDU,252.0,1.7,72.0,5.3,1,422,0,0,0,0,3,0
CA,0,72.0,2,2000,0,0,0,0,0,0
DF,MDU,5.533056,-68.673333,2, ,0.0,0.0,2,3000,0,0,0,0,0,0
HM,MDU,5.533056,-68.673333,1, ,0.0,0.0,282.0,04.3,2,3000,0,1,200,0,0,0,0

APPTR,I08-X,08,UA403
IF,UA403,5.515853,-68.926622, ,0.0,0.0,2,4000,0,0,0,0,1,0
TF,OPVIN,5.426094,-68.881544,0,IMDU,0.0,0.0,0.0,0.0,2,4000,0,0,0,0,0,0

APPTR,I08-X,08,UA404
IF,UA404,5.336944,-68.836917, ,0.0,0.0,2,4000,0,0,0,0,1,0
TF,OPVIN,5.426094,-68.881544,0,IMDU,0.0,0.0,0.0,0.0,2,4000,0,0,0,0,0,0

APPTR,I08-X,08,UA405
IF,UA405,5.388450,-68.956178, ,0.0,0.0,2,4000,0,0,0,0,1,0
TF,OPVIN,5.426094,-68.881544,0,IMDU,0.0,0.0,0.0,0.0,2,4000,0,0,0,0,0,0

FINAL,I08-X,08,I,3
IF,OPVIN,5.426094,-68.881544,IMDU,255.4,14.0,2,4000,0,0,0,0,0,0
CF,UA401,5.478786,-68.777036,0,IMDU,255.5,7.0,75.0,7.0,1,2100,0,0,0,0,2,0
CF,RW08,5.519181,-68.696267,0,IMDU,255.7,1.6,75.0,5.4,1,390,0,0,0,0,3,1
DF,UA406,5.579233,-68.576733,0, ,0.0,0.0,2,2000,0,0,0,0,0,0
TF,UA407,5.489414,-68.531772,0, ,0.0,0.0,0.0,0.0,2,3000,0,1,185,0,0,0
TF,UA404,5.336944,-68.836917,0, ,0.0,0.0,0.0,0.0,2,4000,0,0,0,0,0,0
TF,OPVIN,5.426094,-68.881544,0, ,0.0,0.0,0.0,0.0,2,4000,0,0,0,0,0,1
HM,OPVIN,5.426094,-68.881544,2, ,0.0,0.0,75.0,04.3,2,4000,0,1,200,0,0,0,0

FINAL,I08-Y,08,I,3
IF,OPVIN,5.426094,-68.881544,IMDU,255.4,14.0,2,4000,0,0,0,0,0,0
CF,FF08,5.479544,-68.775286,0,IMDU,255.5,6.9,75.0,7.1,1,2100,0,0,0,0,2,0
CF,RW08,5.519181,-68.696267,0,IMDU,255.7,1.6,75.0,5.3,1,390,0,0,0,0,3,0
VA,0,75.0,2,2000,0,0,0,0,0,0
DF,MDU,5.533056,-68.673333,2, ,0.0,0.0,2,3000,0,0,0,0,0,0
HM,MDU,5.533056,-68.673333,1, ,0.0,0.0,282.0,04.3,2,3000,0,1,200,0,0,0,0

APPTR,I08-Z,08,MDU
IF,MDU,5.533056,-68.673333, ,0.0,0.0,2,3000,0,0,0,0,1,0
FD,MDU,5.533056,-68.673333,0,MDU,0.0,8.5,282.0,8.5,2,2100,0,1,185,0,0,0
CF,CF08Z,5.467439,-68.799469,1,IMDU,255.5,8.5,75.0,1.0,2,2100,0,0,0,0,0,0

FINAL,I08-Z,08,I,3
IF,CF08Z,5.467439,-68.799469,IMDU,255.5,8.5,2,2100,0,0,0,0,0,0
CF,FF08,5.479544,-68.775286,0,IMDU,255.5,6.9,75.0,1.6,1,2100,0,0,0,0,2,0
CF,RW08,5.519181,-68.696267,0,IMDU,255.7,1.6,75.0,5.3,1,390,0,0,0,0,3,0
VA,0,75.0,2,2000,0,0,0,0,0,0
DF,MDU,5.533056,-68.673333,2, ,0.0,0.0,2,3000,0,0,0,0,0,0
HM,MDU,5.533056,-68.673333,1, ,0.0,0.0,282.0,04.3,2,3000,0,1,200,0,0,0,0

APPTR,L08-Z,08,MDU
IF,MDU,5.533056,-68.673333, ,0.0,0.0,2,3000,0,0,0,0,1,0
FD,MDU,5.533056,-68.673333,0,MDU,0.0,8.5,282.0,8.5,2,2100,0,1,185,0,0,0
CF,CF08Z,5.467439,-68.799469,1,IMDU,255.5,8.5,75.0,1.0,2,2100,0,0,0,0,0,0

FINAL,L08-Z,08,D,3
IF,CF08Z,5.467439,-68.799469,IMDU,255.5,8.5,2,2100,0,0,0,0,0,0
CF,FF08,5.479544,-68.775286,0,IMDU,255.5,6.9,75.0,1.6,2,2100,0,0,0,0,2,0
CF,MA08,5.511658,-68.711100,0,IMDU,255.5,2.6,75.0,4.3,1,707,0,0,0,0,3,0
VA,0,75.0,2,2000,0,0,0,0,0,0
DF,MDU,5.533056,-68.673333,2, ,0.0,0.0,2,3000,0,0,0,0,0,0
HM,MDU,5.533056,-68.673333,1, ,0.0,0.0,282.0,04.3,2,3000,0,1,200,0,0,0,0

APPTR,R08,08,UA403
IF,UA403,5.515853,-68.926622, ,0.0,0.0,2,4000,0,0,0,0,1,0
TF,OPVIN,5.426094,-68.881544,0, ,0.0,0.0,0.0,0.0,2,4000,0,0,0,0,1,0

APPTR,R08,08,UA404
IF,UA404,5.336944,-68.836917, ,0.0,0.0,2,4000,0,0,0,0,1,0
TF,OPVIN,5.426094,-68.881544,0, ,0.0,0.0,0.0,0.0,2,4000,0,0,0,0,1,0

APPTR,R08,08,UA405
IF,UA405,5.388450,-68.956178, ,0.0,0.0,2,4000,0,0,0,0,1,0
TF,OPVIN,5.426094,-68.881544,0, ,0.0,0.0,0.0,0.0,2,4000,0,0,0,0,1,0

FINAL,R08,08,R,3
IF,OPVIN,5.426094,-68.881544, ,0.0,0.0,2,4000,0,0,0,0,0,0
TF,UA401,5.478786,-68.777036,0, ,0.0,0.0,75.0,7.0,2,2100,0,0,0,0,2,0
TF,RW08,5.519181,-68.696267,0, ,0.0,0.0,75.0,5.4,1,390,0,0,0,0,3,1
CA,0,75.0,2,1000,0,0,0,0,0,0
DF,UA402,5.434219,-68.644519,2, ,0.0,0.0,2,3000,0,1,185,0,0,0
TF,UA404,5.336944,-68.836917,0, ,0.0,0.0,0.0,0.0,2,4000,0,0,0,0,0,0
TF,OPVIN,5.426094,-68.881544,0, ,0.0,0.0,0.0,0.0,2,4000,0,0,0,0,0,1
HM,OPVIN,5.426094,-68.881544,2, ,0.0,0.0,75.0,04.3,2,4000,0,1,200,0,0,0,0

