SID,NIPN2A,05,4
DF,DER05,4.175861,-73.607278,0, ,0.0,0.0,0,0,0,0,0,0,0,1
CA,0,48.0,2,2000,0,1,180,0,0,0
DF,VV905,4.216575,-73.451444,0, ,0.0,0.0,2,3900,0,1,180,0,0,1
TF,NIPNO,4.193333,-73.336667,0, ,0.0,0.0,0.0,0.0,2,6000,0,1,180,0,0,0

SID,NIPN2A,BUTIK,6
IF,NIPNO,4.193333,-73.336667, ,0.0,0.0,2,6000,0,1,180,0,0,0
TF,BUTIK,4.841944,-72.977222,0, ,0.0,0.0,0.0,0.0,2,10000,0,0,0,0,0,0

SID,NIPN2A,DANSA,6
IF,NIPNO,4.193333,-73.336667, ,0.0,0.0,2,6000,0,1,180,0,0,0
TF,VV906,4.095333,-73.368889,0, ,0.0,0.0,0.0,0.0,2,8000,0,1,180,0,0,0
TF,SALGU,4.155278,-73.782222,0, ,0.0,0.0,0.0,0.0,2,12000,0,0,0,0,0,0
TF,DANSA,4.191111,-73.945278,0, ,0.0,0.0,0.0,0.0,2,15000,0,0,0,0,0,0

SID,NIPN2A,KOTER,6
IF,NIPNO,4.193333,-73.336667, ,0.0,0.0,2,6000,0,1,180,0,0,0
TF,KOTER,3.714167,-72.977222,0, ,0.0,0.0,0.0,0.0,2,8000,0,0,0,0,0,0

SID,NIPN2A,OGNAS,6
IF,NIPNO,4.193333,-73.336667, ,0.0,0.0,2,6000,0,1,180,0,0,0
TF,OGNAS,3.202222,-73.149722,0, ,0.0,0.0,0.0,0.0,2,8000,0,0,0,0,0,0

SID,NIPN2A,OPTUT,6
IF,NIPNO,4.193333,-73.336667, ,0.0,0.0,2,6000,0,1,180,0,0,0
TF,OPTUT,3.830556,-72.977222,0, ,0.0,0.0,0.0,0.0,2,8000,0,0,0,0,0,0

SID,NIPN2A,POVKA,6
IF,NIPNO,4.193333,-73.336667, ,0.0,0.0,2,6000,0,1,180,0,0,0
TF,POVKA,4.194444,-72.977222,0, ,0.0,0.0,0.0,0.0,2,10000,0,0,0,0,0,0

SID,NIPN2A,ROPOR,6
IF,NIPNO,4.193333,-73.336667, ,0.0,0.0,2,6000,0,1,180,0,0,0
TF,VV906,4.095333,-73.368889,0, ,0.0,0.0,0.0,0.0,2,8000,0,1,180,0,0,0
TF,VV907,3.972369,-73.455706,0, ,0.0,0.0,0.0,0.0,2,11000,0,0,0,0,0,0
TF,ROPOR,3.766667,-73.600833,0, ,0.0,0.0,0.0,0.0,2,11000,0,0,0,0,0,0

SID,NIPN2A,UBNOT,6
IF,NIPNO,4.193333,-73.336667, ,0.0,0.0,2,6000,0,1,180,0,0,0
TF,UBNOT,4.576389,-72.977222,0, ,0.0,0.0,0.0,0.0,2,8000,0,0,0,0,0,0

SID,NIPN2A,UBRID,6
IF,NIPNO,4.193333,-73.336667, ,0.0,0.0,2,6000,0,1,180,0,0,0
TF,UBRID,3.202222,-72.963611,0, ,0.0,0.0,0.0,0.0,2,8000,0,0,0,0,0,0

SID,NIPN2A,VUNEX,6
IF,NIPNO,4.193333,-73.336667, ,0.0,0.0,2,6000,0,1,180,0,0,0
TF,VV906,4.095333,-73.368889,0, ,0.0,0.0,0.0,0.0,2,8000,0,1,180,0,0,0
TF,SALGU,4.155278,-73.782222,0, ,0.0,0.0,0.0,0.0,2,12000,0,0,0,0,0,0
TF,VUNEX,4.604400,-74.005711,0, ,0.0,0.0,0.0,0.0,2,18000,0,0,0,0,0,0

SID,VVC1K,05,2
DF,DER05,4.175861,-73.607278,0, ,0.0,0.0,0,0,0,0,0,0,0,1
CA,0,48.0,2,2000,0,0,0,0,0,0
CI,2, ,0.0,174.0,0,0,0,1,200,0,0,0
CF,VVC,4.066667,-73.382222,0,VVC,0.0,0.0,144.0,12.0,2,5000,0,0,0,0,0,0

STAR,ANLA3C,23,2
IF,ANLAV,4.723056,-73.311944, ,0.0,0.0,2,13000,0,0,0,0,0,0
TF,UTLEL,4.481761,-73.337797,0, ,0.0,0.0,0.0,0.0,2,10000,0,0,0,0,0,0
TF,VIDAL,4.316667,-73.355556,0, ,0.0,0.0,0.0,0.0,2,8000,0,0,0,0,0,0
TF,D015E,4.149931,-73.373342,0, ,0.0,0.0,0.0,0.0,2,5000,0,0,0,0,0,0
TF,FS23,4.111039,-73.452947,0, ,0.0,0.0,0.0,0.0,2,4000,0,0,0,0,0,0

STAR,ANLA5A,05,2
IF,ANLAV,4.723056,-73.311944, ,0.0,0.0,2,13000,0,0,0,0,0,0
TF,UTLEL,4.481761,-73.337797,0, ,0.0,0.0,0.0,0.0,2,10000,0,0,0,0,0,0
TF,VIDAL,4.316667,-73.355556,0, ,0.0,0.0,0.0,0.0,2,8000,0,0,0,0,0,0
TF,D015E,4.149931,-73.373342,0, ,0.0,0.0,0.0,0.0,2,5000,0,0,0,0,0,0
TF,FS05,4.105925,-73.474342,0, ,0.0,0.0,0.0,0.0,2,4000,0,0,0,0,0,0

STAR,EVRA3F,23,5
IF,EVRAK,4.850833,-73.603056, ,0.0,0.0,2,14000,0,0,0,0,0,0
TF,ANLAV,4.723056,-73.311944,0, ,0.0,0.0,0.0,0.0,2,13000,0,0,0,0,0,0
TF,MOSBU,4.512000,-73.334500,0, ,0.0,0.0,0.0,0.0,2,9200,0,1,200,0,0,0
TF,SILIV,4.391450,-73.432450,0, ,0.0,0.0,0.0,0.0,2,6000,0,1,180,0,0,0

STAR,KOTE3A,23,5
IF,KOTER,3.714167,-72.977222, ,0.0,0.0,2,6000,0,1,230,0,0,0
TF,ANKUX,4.282900,-73.359100,0, ,0.0,0.0,0.0,0.0,2,6000,0,1,180,0,0,0

STAR,OGNA2A,23,5
IF,OGNAS,3.202222,-73.149722, ,0.0,0.0,2,6000,0,1,230,0,0,0
TF,ANKUX,4.282900,-73.359100,0, ,0.0,0.0,0.0,0.0,2,6000,0,1,180,0,0,0

STAR,OPTU2A,23,5
IF,OPTUT,3.830556,-72.977222, ,0.0,0.0,2,6000,0,1,230,0,0,0
TF,ANKUX,4.282900,-73.359100,0, ,0.0,0.0,0.0,0.0,2,6000,0,1,180,0,0,0

STAR,OSOV1J,23,5
IF,OSOVO,4.684456,-73.734053, ,0.0,0.0,2,17000,0,0,0,0,0,0
TF,VV800,4.643067,-73.495297,0, ,0.0,0.0,0.0,0.0,2,13100,0,0,0,0,0,0
TF,VV801,4.577533,-73.414897,0, ,0.0,0.0,0.0,0.0,2,11800,0,0,0,0,0,0
TF,MOSBU,4.512000,-73.334500,0, ,0.0,0.0,0.0,0.0,2,9200,0,1,200,0,0,0
TF,SILIV,4.391450,-73.432450,0, ,0.0,0.0,0.0,0.0,2,6000,0,1,180,0,0,0

STAR,POVK1B,23,5
IF,POVKA,4.194444,-72.977222, ,0.0,0.0,2,6000,0,1,230,0,0,0
TF,ANKUX,4.282900,-73.359100,0, ,0.0,0.0,0.0,0.0,2,6000,0,1,180,0,0,0

STAR,UBNO2A,23,5
IF,UBNOT,4.576389,-72.977222, ,0.0,0.0,2,6000,0,1,230,0,0,0
TF,ANKUX,4.282900,-73.359100,0, ,0.0,0.0,0.0,0.0,2,6000,0,1,180,0,0,0

STAR,UBRI2B,23,5
IF,UBRID,3.202222,-72.963611, ,0.0,0.0,2,6000,0,1,230,0,0,0
TF,ANKUX,4.282900,-73.359100,0, ,0.0,0.0,0.0,0.0,2,6000,0,1,180,0,0,0

APPTR,D05-A,05,VVC
HF,VVC,4.066667,-73.382222,1, ,0.0,0.0,302.0,04.3,2,5000,0,1,230,0,1,0,0

FINAL,D05-A,05,D,3
IF,VVC,4.066667,-73.382222,VVC,0.0,0.0,2,5000,0,0,0,0,0,0
CF,FS05,4.105925,-73.474342,0,VVC,302.0,6.0,302.0,6.0,2,4000,0,0,0,0,2,0
CF,MS05,4.145172,-73.566472,0,VVC,302.0,12.0,302.0,6.0,1,2680,0,0,0,0,3,1
DF,VVC,4.066667,-73.382222,2, ,0.0,0.0,2,5000,0,1,200,0,0,0
HM,VVC,4.066667,-73.382222,1, ,0.0,0.0,302.0,04.3,2,5000,0,1,230,0,0,0,0

APPTR,D23-B,23,VVC
HF,VVC,4.066667,-73.382222,1, ,0.0,0.0,302.0,04.3,2,5000,0,1,230,0,1,0,0

FINAL,D23-B,23,D,3
IF,VVC,4.066667,-73.382222,VVC,0.0,0.0,2,5000,0,0,0,0,0,0
CF,FS23,4.111039,-73.452947,0,VVC,311.0,5.0,311.0,5.0,2,4000,0,0,0,0,2,0
CF,MS23,4.164278,-73.537828,0,VVC,311.0,11.0,311.0,6.0,1,2881,0,0,0,0,3,1
DF,VVC,4.066667,-73.382222,2, ,0.0,0.0,2,5000,0,1,200,0,0,0
HM,VVC,4.066667,-73.382222,1, ,0.0,0.0,302.0,04.3,2,5000,0,1,230,0,0,0,0

APPTR,R23,23,ANKUX
IF,ANKUX,4.282900,-73.359100, ,0.0,0.0,2,6000,0,1,180,0,1,0
TF,DALNA,4.326517,-73.485119,0, ,0.0,0.0,0.0,0.0,2,5000,0,1,180,0,1,0

APPTR,R23,23,SILIV
IF,SILIV,4.391450,-73.432450, ,0.0,0.0,2,6000,0,1,180,0,1,0
TF,DALNA,4.326517,-73.485119,0, ,0.0,0.0,0.0,0.0,2,5000,0,1,180,0,1,0

FINAL,R23,23,R,4
IF,DALNA,4.326517,-73.485119, ,0.0,0.0,2,5000,0,1,180,0,0,0
TF,VV401,4.282956,-73.520461,0, ,0.0,0.0,228.0,3.4,2,4000,0,0,0,0,0,0
TF,IVREM,4.240817,-73.554642,0, ,0.0,0.0,228.0,3.2,2,3000,0,0,0,0,2,0
TF,RW23,4.175861,-73.607278,0, ,0.0,0.0,228.0,5.0,1,1397,0,0,0,0,3,1
DF,ANKUX,4.282900,-73.359100,1, ,0.0,0.0,2,6000,0,1,180,0,0,1
HM,ANKUX,4.282900,-73.359100,2, ,0.0,0.0,307.0,04.3,2,6000,0,1,200,0,0,0,0

