SID,DEVA1A,05,5
CF,FERMA,5.394222,-72.309072,0,EYP,54.9,10.0,55.0,5.7,2,3000,0,0,0,0,0,0
TF,YP403,5.250644,-72.166028,0, ,0.0,0.0,0.0,0.0,2,4000,0,1,200,0,0,0
TF,DEVAS,5.175653,-72.240942,0, ,0.0,0.0,0.0,0.0,1,6000,0,0,0,0,0,0

SID,DEVA1A,ANGUV,6
IF,DEVAS,5.175653,-72.240942, ,0.0,0.0,1,6000,0,0,0,0,0,0
TF,ANGUV,4.735833,-72.326944,0, ,0.0,0.0,0.0,0.0,2,6000,0,0,0,0,0,0

SID,DEVA1A,KOTMI,6
IF,DEVAS,5.175653,-72.240942, ,0.0,0.0,1,6000,0,0,0,0,0,0
TF,KOTMI,4.777778,-72.155833,0, ,0.0,0.0,0.0,0.0,2,6000,0,0,0,0,0,0

SID,DEVA1A,SIRUG,6
IF,DEVAS,5.175653,-72.240942, ,0.0,0.0,1,6000,0,0,0,0,0,0
TF,YP901,5.081486,-72.335339,0, ,0.0,0.0,0.0,0.0,2,7600,0,0,0,0,0,0
TF,YP902,5.103950,-72.814144,0, ,0.0,0.0,0.0,0.0,2,13300,0,0,0,0,0,0
TF,SIRUG,5.127500,-73.329167,0, ,0.0,0.0,0.0,0.0,2,16000,0,0,0,0,0,0

SID,DEVA1A,TITNA,6
IF,DEVAS,5.175653,-72.240942, ,0.0,0.0,1,6000,0,0,0,0,0,0
TF,YP901,5.081486,-72.335339,0, ,0.0,0.0,0.0,0.0,2,7600,0,0,0,0,0,0
TF,YP902,5.103950,-72.814144,0, ,0.0,0.0,0.0,0.0,2,13300,0,0,0,0,0,0
TF,YP903,5.400875,-72.946967,0, ,0.0,0.0,0.0,0.0,2,16000,0,0,0,0,0,0
TF,TITNA,5.589167,-72.848611,0, ,0.0,0.0,0.0,0.0,2,16000,0,0,0,0,0,0

SID,DEVA1A,UBNOT,6
IF,DEVAS,5.175653,-72.240942, ,0.0,0.0,1,6000,0,0,0,0,0,0
TF,YP901,5.081486,-72.335339,0, ,0.0,0.0,0.0,0.0,2,7600,0,0,0,0,0,0
TF,UBNOT,4.576389,-72.977222,0, ,0.0,0.0,0.0,0.0,2,8000,0,0,0,0,0,0

SID,KOTM1C,23,5
CF,YP905,5.226853,-72.476169,0,EYP,235.2,4.2,235.0,7.1,2,3000,0,0,0,0,0,1
DF,KOTMI,4.777778,-72.155833,0, ,0.0,0.0,2,8000,0,0,0,0,0,0

SID,OSIL1L,05,5
CF,FERMA,5.394222,-72.309072,0,EYP,54.9,10.0,55.0,5.7,2,3000,0,0,0,0,0,0
TF,YP908,5.443886,-72.301481,0, ,0.0,0.0,0.0,0.0,2,3700,0,0,0,0,0,0
TF,YP909,5.562903,-72.283283,0, ,0.0,0.0,0.0,0.0,2,5100,0,0,0,0,0,0
TF,YP910,5.851336,-72.108344,0, ,0.0,0.0,0.0,0.0,2,6000,0,0,0,0,0,0
TF,OSILU,6.035000,-71.710278,0, ,0.0,0.0,0.0,0.0,2,6000,0,0,0,0,0,0

SID,REMI1J,05,5
CF,FERMA,5.394222,-72.309072,0,EYP,54.9,10.0,55.0,5.7,2,3000,0,0,0,0,0,0
TF,YP908,5.443886,-72.301481,0, ,0.0,0.0,0.0,0.0,2,3700,0,0,0,0,0,0
TF,YP909,5.562903,-72.283283,0, ,0.0,0.0,0.0,0.0,2,5100,0,0,0,0,0,0
TF,YP910,5.851336,-72.108344,0, ,0.0,0.0,0.0,0.0,2,6000,0,0,0,0,0,0
TF,REMIB,6.215000,-71.887778,0, ,0.0,0.0,0.0,0.0,2,6000,0,0,0,0,0,0

SID,SIRU1A,23,5
CF,YP906,5.094297,-72.608394,0,EYP,235.1,15.4,235.0,18.3,2,6500,0,0,0,0,0,0
TF,YP902,5.103950,-72.814144,0, ,0.0,0.0,0.0,0.0,2,10200,0,0,0,0,0,0
TF,YP907,5.111292,-72.970639,0, ,0.0,0.0,0.0,0.0,2,12900,0,0,0,0,0,0
TF,SIRUG,5.127500,-73.329167,0, ,0.0,0.0,0.0,0.0,2,16000,0,0,0,0,0,0

SID,SUPN2A,05,2
CF,FERMA,5.394222,-72.309072,0,EYP,54.9,10.0,55.0,5.7,2,3000,0,0,0,0,0,1
DF,EYP,5.276111,-72.426667,2, ,0.0,0.0,2,7900,0,1,200,0,0,1
TF,SUPNU,5.221944,-72.759722,0, ,0.0,0.0,0.0,0.0,2,15000,0,0,0,0,0,0

SID,TITN1E,23,5
CF,YP906,5.094297,-72.608394,0,EYP,235.1,15.4,235.0,18.3,2,6500,0,0,0,0,0,0
TF,YP902,5.103950,-72.814144,0, ,0.0,0.0,0.0,0.0,2,10200,0,0,0,0,0,0
TF,YP903,5.400875,-72.946967,0, ,0.0,0.0,0.0,0.0,2,15000,0,0,0,0,0,0
TF,TITNA,5.589167,-72.848611,0, ,0.0,0.0,0.0,0.0,2,16000,0,0,0,0,0,0

SID,TOBS1E,05,5
CF,FERMA,5.394222,-72.309072,0,EYP,54.9,10.0,55.0,5.7,2,3000,0,0,0,0,0,0
TF,YP911,5.420389,-72.140456,0, ,0.0,0.0,0.0,0.0,1,5000,0,0,0,0,0,0
TF,TOBSU,5.433333,-71.650833,0, ,0.0,0.0,0.0,0.0,2,5000,0,0,0,0,0,0

SID,UBNO1H,23,5
CF,YP906,5.094297,-72.608394,0,EYP,235.1,15.4,235.0,18.3,2,6500,0,0,0,0,0,0
TF,UBNOT,4.576389,-72.977222,0, ,0.0,0.0,0.0,0.0,2,8000,0,0,0,0,0,0

SID,VUGE1E,05,5
CF,FERMA,5.394222,-72.309072,0,EYP,54.9,10.0,55.0,5.7,2,3000,0,0,0,0,0,0
TF,YP911,5.420389,-72.140456,0, ,0.0,0.0,0.0,0.0,1,5000,0,0,0,0,0,0
TF,VUGED,5.047778,-71.692778,0, ,0.0,0.0,0.0,0.0,2,5000,0,0,0,0,0,0

STAR,ANGU1C,23,5
IF,ANGUV,4.735833,-72.326944, ,0.0,0.0,2,7000,0,0,0,0,0,0
TF,DEVAS,5.175653,-72.240942,0, ,0.0,0.0,0.0,0.0,2,7000,0,0,0,0,0,0
TF,DOLKU,5.420389,-72.140456,0, ,0.0,0.0,0.0,0.0,2,5000,0,1,210,0,0,0

STAR,ANGU1D,05,5
IF,ANGUV,4.735833,-72.326944, ,0.0,0.0,2,7000,0,0,0,0,0,0
TF,YP805,4.917122,-72.447800,0, ,0.0,0.0,0.0,0.0,2,7000,0,0,0,0,0,0
TF,UTNEN,5.119589,-72.582775,0, ,0.0,0.0,0.0,0.0,2,5000,0,1,200,0,0,0

STAR,BUTI1C,23,5
IF,BUTIK,4.841944,-72.977222, ,0.0,0.0,2,13000,0,0,0,0,0,0
TF,YP806,4.984622,-72.655836,0, ,0.0,0.0,0.0,0.0,2,7000,0,0,0,0,0,0
TF,EVNIS,5.097483,-72.462639,0, ,0.0,0.0,0.0,0.0,2,7000,0,0,0,0,0,0
TF,DOLKU,5.420389,-72.140456,0, ,0.0,0.0,0.0,0.0,2,5000,0,1,210,0,0,0

STAR,BUTI1D,05,5
IF,BUTIK,4.841944,-72.977222, ,0.0,0.0,2,13000,0,0,0,0,0,0
TF,YP804,4.980797,-72.780039,0, ,0.0,0.0,0.0,0.0,1,7000,0,0,0,0,0,0
TF,UTNEN,5.119589,-72.582775,0, ,0.0,0.0,0.0,0.0,2,5000,0,1,200,0,0,0

STAR,BUTI2B,05,2
IF,BUTIK,4.841944,-72.977222, ,0.0,0.0,2,13000,0,0,0,0,0,0
TF,ALSIK,5.042778,-72.731111,0, ,0.0,0.0,0.0,0.0,0,0,0,0,0,0,0,0
AF,D221W,4.945900,-72.624475,1,EYP,221.0,23.0,243.0,2,6400,0,0,0,0,0,0
TF,D221J,5.132547,-72.512694,0, ,0.0,0.0,0.0,0.0,2,5000,0,0,0,0,0,0

STAR,KOTM1A,23,5
IF,KOTMI,4.777778,-72.155833, ,0.0,0.0,2,7000,0,0,0,0,0,0
TF,DEVAS,5.175653,-72.240942,0, ,0.0,0.0,0.0,0.0,2,7000,0,0,0,0,0,0
TF,DOLKU,5.420389,-72.140456,0, ,0.0,0.0,0.0,0.0,2,5000,0,1,210,0,0,0

STAR,KOTM1B,05,5
IF,KOTMI,4.777778,-72.155833, ,0.0,0.0,2,7000,0,0,0,0,0,0
TF,YP805,4.917122,-72.447800,0, ,0.0,0.0,0.0,0.0,2,7000,0,0,0,0,0,0
TF,UTNEN,5.119589,-72.582775,0, ,0.0,0.0,0.0,0.0,2,5000,0,1,200,0,0,0

STAR,OSIL1J,23,5
IF,OSILU,6.035000,-71.710278, ,0.0,0.0,2,7000,0,0,0,0,0,0
TF,YP414,5.714058,-71.970617,0, ,0.0,0.0,0.0,0.0,2,7000,0,0,0,0,0,0
TF,OGMAD,5.594233,-72.067817,0, ,0.0,0.0,0.0,0.0,2,7000,0,0,0,0,0,0

STAR,OSIL1K,05,5
IF,OSILU,6.035000,-71.710278, ,0.0,0.0,2,7000,0,0,0,0,0,0
TF,SIPEM,5.566144,-71.995025,0, ,0.0,0.0,0.0,0.0,2,7000,0,0,0,0,0,0
TF,YP415,5.420389,-72.140456,0, ,0.0,0.0,0.0,0.0,2,7000,0,0,0,0,0,0
TF,YP417,5.247675,-72.312783,0, ,0.0,0.0,0.0,0.0,1,7000,0,0,0,0,0,0
TF,EVNIS,5.097483,-72.462639,0, ,0.0,0.0,0.0,0.0,2,5000,0,1,200,0,0,0

STAR,REMI1G,23,5
IF,REMIB,6.215000,-71.887778, ,0.0,0.0,2,7000,0,0,0,0,0,0
TF,YP414,5.714058,-71.970617,0, ,0.0,0.0,0.0,0.0,2,7000,0,0,0,0,0,0
TF,OGMAD,5.594233,-72.067817,0, ,0.0,0.0,0.0,0.0,2,7000,0,0,0,0,0,0

STAR,REMI1H,05,5
IF,REMIB,6.215000,-71.887778, ,0.0,0.0,2,7000,0,0,0,0,0,0
TF,SIPEM,5.566144,-71.995025,0, ,0.0,0.0,0.0,0.0,2,7000,0,0,0,0,0,0
TF,YP415,5.420389,-72.140456,0, ,0.0,0.0,0.0,0.0,2,7000,0,0,0,0,0,0
TF,YP417,5.247675,-72.312783,0, ,0.0,0.0,0.0,0.0,1,7000,0,0,0,0,0,0
TF,EVNIS,5.097483,-72.462639,0, ,0.0,0.0,0.0,0.0,2,5000,0,1,200,0,0,0

STAR,TITN1C,23,5
IF,TITNA,5.589167,-72.848611, ,0.0,0.0,2,15000,0,0,0,0,0,0
TF,YP808,5.597169,-72.648108,0, ,0.0,0.0,0.0,0.0,2,14000,0,0,0,0,0,0
TF,YP807,5.599986,-72.479739,0, ,0.0,0.0,0.0,0.0,2,11000,0,0,0,0,0,0
TF,LIVUV,5.606142,-72.295964,0, ,0.0,0.0,0.0,0.0,2,7800,0,1,210,0,0,0

STAR,TITN1D,05,5
IF,TITNA,5.589167,-72.848611, ,0.0,0.0,2,15000,0,0,0,0,0,0
TF,IVTEK,5.390508,-72.759717,0, ,0.0,0.0,0.0,0.0,2,14100,0,0,0,0,0,0
TF,YP802,5.283531,-72.711875,0, ,0.0,0.0,0.0,0.0,2,10700,0,0,0,0,0,0
TF,YP801,5.219803,-72.683386,0, ,0.0,0.0,0.0,0.0,2,8800,0,0,0,0,0,0
TF,MAMTI,5.169697,-72.633075,0, ,0.0,0.0,0.0,0.0,2,6800,0,1,200,0,0,0
TF,UTNEN,5.119589,-72.582775,0, ,0.0,0.0,0.0,0.0,2,5000,0,1,200,0,0,0

STAR,TOBS1C,23,5
IF,TOBSU,5.433333,-71.650833, ,0.0,0.0,2,9000,0,0,0,0,0,0
TF,DOLKU,5.420389,-72.140456,0, ,0.0,0.0,0.0,0.0,2,5000,0,1,210,0,0,0

STAR,TOBS1D,05,5
IF,TOBSU,5.433333,-71.650833, ,0.0,0.0,2,7000,0,0,0,0,0,0
TF,SIPEM,5.566144,-71.995025,0, ,0.0,0.0,0.0,0.0,2,7000,0,0,0,0,0,0
TF,YP415,5.420389,-72.140456,0, ,0.0,0.0,0.0,0.0,2,7000,0,0,0,0,0,0
TF,YP417,5.247675,-72.312783,0, ,0.0,0.0,0.0,0.0,1,7000,0,0,0,0,0,0
TF,EVNIS,5.097483,-72.462639,0, ,0.0,0.0,0.0,0.0,2,5000,0,1,200,0,0,0

STAR,UBNO1F,23,5
IF,UBNOT,4.576389,-72.977222, ,0.0,0.0,2,9000,0,0,0,0,0,0
TF,EVNIS,5.097483,-72.462639,0, ,0.0,0.0,0.0,0.0,2,7000,0,0,0,0,0,0
TF,DOLKU,5.420389,-72.140456,0, ,0.0,0.0,0.0,0.0,2,5000,0,1,210,0,0,0

STAR,UBNO1G,05,5
IF,UBNOT,4.576389,-72.977222, ,0.0,0.0,2,8000,0,0,0,0,0,0
TF,YP804,4.980797,-72.780039,0, ,0.0,0.0,0.0,0.0,1,7000,0,0,0,0,0,0
TF,UTNEN,5.119589,-72.582775,0, ,0.0,0.0,0.0,0.0,2,5000,0,1,200,0,0,0

STAR,VUGE1C,23,5
IF,VUGED,5.047778,-71.692778, ,0.0,0.0,2,7000,0,0,0,0,0,0
TF,DOLKU,5.420389,-72.140456,0, ,0.0,0.0,0.0,0.0,2,5000,0,1,210,0,0,0

STAR,VUGE1D,05,5
IF,VUGED,5.047778,-71.692778, ,0.0,0.0,2,7000,0,0,0,0,0,0
TF,YP415,5.420389,-72.140456,0, ,0.0,0.0,0.0,0.0,2,7000,0,0,0,0,0,0
TF,YP417,5.247675,-72.312783,0, ,0.0,0.0,0.0,0.0,1,7000,0,0,0,0,0,0
TF,EVNIS,5.097483,-72.462639,0, ,0.0,0.0,0.0,0.0,2,5000,0,1,200,0,0,0

APPTR,D05-Y,05,D221J
IF,D221J,5.132547,-72.512694, ,0.0,0.0,2,5000,0,0,0,0,1,0
CF,D221E,5.204331,-72.469686,0,EYP,221.0,5.0,41.0,5.0,2,3500,0,0,0,0,0,0
CF,EYP,5.276111,-72.426667,0,EYP,0.0,0.0,41.0,5.0,2,2000,0,0,0,0,0,0

FINAL,D05-Y,05,D,2
IF,EYP,5.276111,-72.426667,EYP,0.0,0.0,2,2000,0,0,0,0,2,0
CF,RW05,5.311936,-72.391256,0,EYP,54.7,3.0,55.0,3.0,1,1056,0,0,0,0,3,1
DF,FERMA,5.394222,-72.309072,0, ,0.0,0.0,2,3000,0,0,0,0,0,1
DF,ILTAP,5.303256,-72.299192,2, ,0.0,0.0,0,0,0,0,0,0,0,0
HM,ILTAP,5.303256,-72.299192,1, ,0.0,0.0,268.0,04.3,2,3000,0,1,180,0,0,0,0

APPTR,D05-Z,05,EYP
IF,EYP,5.276111,-72.426667, ,0.0,0.0,2,5000,0,0,0,0,1,0
CF,D208K,5.105678,-72.481892,2,EYP,208.0,10.7,221.0,11.0,0,0,0,0,0,0,0,0
CF,D221J,5.132547,-72.512694,2,EYP,221.0,10.0,41.0,1.0,2,4800,0,0,0,0,1,0
CF,EYP,5.276111,-72.426667,0,EYP,0.0,0.0,41.0,10.0,2,2000,0,0,0,0,0,0

FINAL,D05-Z,05,D,2
IF,EYP,5.276111,-72.426667,EYP,0.0,0.0,2,2000,0,0,0,0,2,0
CF,RW05,5.311936,-72.391256,0,EYP,54.7,3.0,55.0,3.0,1,1056,0,0,0,0,3,1
DF,FERMA,5.394222,-72.309072,0, ,0.0,0.0,2,3000,0,0,0,0,0,1
DF,ILTAP,5.303256,-72.299192,2, ,0.0,0.0,0,0,0,0,0,0,0,0
HM,ILTAP,5.303256,-72.299192,1, ,0.0,0.0,268.0,04.3,2,3000,0,1,180,0,0,0,0

APPTR,I05-Y,05,EVNIS
IF,EVNIS,5.097483,-72.462639, ,0.0,0.0,2,5000,0,1,200,0,1,0
TF,YP402,5.168678,-72.534178,0,IEYP,0.0,0.0,0.0,0.0,2,4200,0,0,0,0,1,0

APPTR,I05-Y,05,UTNEN
IF,UTNEN,5.119589,-72.582775, ,0.0,0.0,2,5000,0,1,200,0,1,0
TF,YP402,5.168678,-72.534178,0,IEYP,0.0,0.0,0.0,0.0,2,4200,0,0,0,0,1,0

FINAL,I05-Y,05,I,3
IF,YP402,5.168678,-72.534178,IEYP,235.0,13.4,2,4200,0,0,0,0,0,0
CF,YP401,5.217206,-72.485772,0,IEYP,235.1,9.3,55.0,4.1,1,3600,0,0,0,0,2,0
CF,RW05,5.311936,-72.391256,0,IEYP,235.3,1.3,55.0,8.0,1,1056,0,0,0,0,3,1
TF,FERMA,5.394222,-72.309072,0, ,0.0,0.0,0.0,0.0,2,3000,0,0,0,0,0,0
TF,YP403,5.250644,-72.166028,0, ,0.0,0.0,0.0,0.0,1,4000,0,0,0,0,0,0
TF,DEVAS,5.175653,-72.240942,0, ,0.0,0.0,0.0,0.0,2,4000,0,1,200,0,0,1
HM,DEVAS,5.175653,-72.240942,1, ,0.0,0.0,235.0,04.3,2,4000,0,1,200,0,0,0,0

APPTR,R05,05,EVNIS
IF,EVNIS,5.097483,-72.462639, ,0.0,0.0,2,5000,0,1,200,0,1,0
TF,YP402,5.168678,-72.534178,0, ,0.0,0.0,0.0,0.0,2,4200,0,0,0,0,1,0

APPTR,R05,05,UTNEN
IF,UTNEN,5.119589,-72.582775, ,0.0,0.0,2,5000,0,1,200,0,1,0
TF,YP402,5.168678,-72.534178,0, ,0.0,0.0,0.0,0.0,2,4200,0,0,0,0,1,0

FINAL,R05,05,R,3
IF,YP402,5.168678,-72.534178, ,0.0,0.0,2,4200,0,0,0,0,0,0
TF,YP401,5.217206,-72.485772,0, ,0.0,0.0,55.0,4.1,2,3600,0,0,0,0,2,0
TF,RW05,5.311936,-72.391256,0, ,0.0,0.0,55.0,8.0,1,1056,0,0,0,0,3,1
TF,FERMA,5.394222,-72.309072,0, ,0.0,0.0,0.0,0.0,2,3000,0,0,0,0,0,0
TF,YP403,5.250644,-72.166028,0, ,0.0,0.0,0.0,0.0,1,4000,0,0,0,0,0,0
TF,DEVAS,5.175653,-72.240942,0, ,0.0,0.0,0.0,0.0,2,4000,0,1,200,0,0,1
HM,DEVAS,5.175653,-72.240942,1, ,0.0,0.0,235.0,04.3,2,4000,0,1,200,0,0,0,0

APPTR,R23,23,DOLKU
IF,DOLKU,5.420389,-72.140456, ,0.0,0.0,2,5000,0,1,210,0,1,0
TF,SADRE,5.486822,-72.196056,0, ,0.0,0.0,0.0,0.0,2,5000,0,0,0,0,0,0

APPTR,R23,23,LIVUV
IF,LIVUV,5.606142,-72.295964, ,0.0,0.0,2,7800,0,1,210,0,1,0
TF,YP412,5.550975,-72.249764,0, ,0.0,0.0,0.0,0.0,2,6500,0,0,0,0,0,0
TF,SADRE,5.486822,-72.196056,0, ,0.0,0.0,0.0,0.0,2,5000,0,0,0,0,0,0

APPTR,R23,23,OGMAD
IF,OGMAD,5.594233,-72.067817, ,0.0,0.0,2,7000,0,0,0,0,1,0
TF,SADRE,5.486822,-72.196056,0, ,0.0,0.0,0.0,0.0,2,5000,0,0,0,0,0,0

FINAL,R23,23,R,3
IF,SADRE,5.486822,-72.196056, ,0.0,0.0,2,5000,0,0,0,0,0,0
TF,YP410,5.382736,-72.320536,0, ,0.0,0.0,240.0,9.7,2,2600,0,0,0,0,2,0
TF,RW23,5.326294,-72.376939,0, ,0.0,0.0,235.0,4.8,1,1075,0,0,0,0,3,1
TF,DOPSI,5.250342,-72.452628,0, ,0.0,0.0,0.0,0.0,2,3000,0,0,0,0,0,0
TF,YP418,5.107367,-72.309233,0, ,0.0,0.0,0.0,0.0,1,4000,0,1,200,0,0,0
TF,DEVAS,5.175653,-72.240942,0, ,0.0,0.0,0.0,0.0,2,4000,0,1,200,0,0,1
HM,DEVAS,5.175653,-72.240942,1, ,0.0,0.0,235.0,04.3,2,4000,0,1,200,0,0,0,0

